// yaw00_lev2_p08_classic.mh: machine generated classical descriptor matcher
//
// Command: tasm -d ../lib/STASM_cars/stasm/MOD_1 ../lib/STASM_cars/tasm/shapes/cars1.shape

#ifndef STASM_YAW00_LEV2_P08_CLASSIC_MH
#define STASM_YAW00_LEV2_P08_CLASSIC_MH

namespace stasm {

// static const int EYEMOUTH_DIST = 100;
// static const double PYR_RATIO = 2;

static const double yaw00_lev2_p08_prof[9] = // mean profile
{
    0.0367684, 0.0455459, -0.0994372, 0.284319, 0.342806, 0.370653, -0.364383, -0.347847, -0.372668
};
static const double yaw00_cov_lev2_p08[9*9] = // covariance matrix
{
    0.711584, 0.0133702, 0.188094, 0.0396935, 0.172866, 0.0844691, 0.0241873, -0.13072, 0.0762858,
    0.0133702, 0.608609, 0.000607028, 0.169796, 0.123312, 0.059815, 0.0745973, -0.15386, -0.0604516,
    0.188094, 0.000607028, 1.02048, -0.0306077, 0.171263, 0.00669442, -0.24495, -0.105461, -0.0354108,
    0.0396935, 0.169796, -0.0306077, 0.743589, 0.0385835, 0.112749, 0.0820032, -0.109131, 0.324694,
    0.172866, 0.123312, 0.171263, 0.0385835, 0.651872, 0.00034116, 0.0572316, -0.0703309, 0.0942952,
    0.0844691, 0.059815, 0.00669442, 0.112749, 0.00034116, 0.31036, 0.0966116, -0.020048, 0.115676,
    0.0241873, 0.0745973, -0.24495, 0.0820032, 0.0572316, 0.0966116, 0.929831, 0.0957417, 0.336231,
    -0.13072, -0.15386, -0.105461, -0.109131, -0.0703309, -0.020048, 0.0957417, 0.802582, 0.0127097,
    0.0762858, -0.0604516, -0.0354108, 0.324694, 0.0942952, 0.115676, 0.336231, 0.0127097, 1.86025
};

static const ClassicDescMod yaw00_lev2_p08_classic(9, yaw00_lev2_p08_prof, yaw00_cov_lev2_p08);

} // namespace stasm
#endif // STASM_YAW00_LEV2_P08_CLASSIC_MH
