// yaw00_lev0_p32_classic.mh: machine generated classical descriptor matcher
//
// Command: tasm -d ../stasm/MOD_1/ ../tasm/shapes/hands.shape

#ifndef STASM_YAW00_LEV0_P32_CLASSIC_MH
#define STASM_YAW00_LEV0_P32_CLASSIC_MH

namespace stasm {

// static const int EYEMOUTH_DIST = 100;
// static const double PYR_RATIO = 2;

static const double yaw00_lev0_p32_prof[9] = // mean profile
{
    -0.264517, -0.257843, -0.518474, -0.663575, -0.936897, -0.922595, 0.351618, -0.462201, -0.343516
};
static const double yaw00_cov_lev0_p32[9*9] = // covariance matrix
{
    1.81859, 0.653203, -0.500692, -0.071043, -0.230373, -0.0630815, -0.135989, -0.014978, -0.0145852,
    0.653203, 2.00241, -0.247517, 0.355509, 0.227414, 0.10661, -0.0562623, 0.0603508, 0.0590898,
    -0.500692, -0.247517, 2.62339, 0.0977099, 0.387036, 0.119671, -0.0766323, 0.0719827, 0.0567437,
    -0.071043, 0.355509, 0.0977099, 1.91557, 0.10347, 0.245327, 0.119059, 0.30988, 0.154445,
    -0.230373, 0.227414, 0.387036, 0.10347, 1.0607, 0.2229, 0.107521, 0.203915, 0.0485176,
    -0.0630815, 0.10661, 0.119671, 0.245327, 0.2229, 0.511714, 0.0694906, 0.0267032, 0.0437003,
    -0.135989, -0.0562623, -0.0766323, 0.119059, 0.107521, 0.0694906, 0.31708, -0.0146434, 0.00913379,
    -0.014978, 0.0603508, 0.0719827, 0.30988, 0.203915, 0.0267032, -0.0146434, 0.538966, 0.00467758,
    -0.0145852, 0.0590898, 0.0567437, 0.154445, 0.0485176, 0.0437003, 0.00913379, 0.00467758, 0.406354
};

static const ClassicDescMod yaw00_lev0_p32_classic(9, yaw00_lev0_p32_prof, yaw00_cov_lev0_p32);

} // namespace stasm
#endif // STASM_YAW00_LEV0_P32_CLASSIC_MH
