// yaw00_lev3_p22_classic.mh: machine generated classical descriptor matcher
//
// Command: tasm -d ../stasm/MOD_1/ ../tasm/shapes/hands.shape

#ifndef STASM_YAW00_LEV3_P22_CLASSIC_MH
#define STASM_YAW00_LEV3_P22_CLASSIC_MH

namespace stasm {

// static const int EYEMOUTH_DIST = 100;
// static const double PYR_RATIO = 2;

static const double yaw00_lev3_p22_prof[9] = // mean profile
{
    0.0492301, -0.0777228, -0.38969, 0.146403, -0.441742, -2.10849, -0.159422, 0.476301, 0.0595758
};
static const double yaw00_cov_lev3_p22[9*9] = // covariance matrix
{
    7.00734, 0.0714716, 1.27402, 0.639649, 0.133741, 0.674708, 0.0234057, -0.109948, -0.283073,
    0.0714716, 1.87754, 0.0833986, 0.8213, 0.339501, 0.224706, 0.268848, 0.117054, 0.00594311,
    1.27402, 0.0833986, 1.68814, 0.0274065, 0.471804, 0.404019, 0.283184, 0.0949075, 0.128514,
    0.639649, 0.8213, 0.0274065, 2.08975, 0.879006, 0.291199, 0.179411, 0.223246, 0.242894,
    0.133741, 0.339501, 0.471804, 0.879006, 1.94204, 0.600211, 0.527013, 0.426751, 0.413793,
    0.674708, 0.224706, 0.404019, 0.291199, 0.600211, 0.828906, 0.444852, 0.342345, 0.17724,
    0.0234057, 0.268848, 0.283184, 0.179411, 0.527013, 0.444852, 0.65155, 0.400211, 0.152772,
    -0.109948, 0.117054, 0.0949075, 0.223246, 0.426751, 0.342345, 0.400211, 0.78319, 0.208083,
    -0.283073, 0.00594311, 0.128514, 0.242894, 0.413793, 0.17724, 0.152772, 0.208083, 0.580909
};

static const ClassicDescMod yaw00_lev3_p22_classic(9, yaw00_lev3_p22_prof, yaw00_cov_lev3_p22);

} // namespace stasm
#endif // STASM_YAW00_LEV3_P22_CLASSIC_MH
