// yaw00_lev1_p32_classic.mh: machine generated classical descriptor matcher
//
// Command: tasm -d ../stasm/MOD_1/ ../tasm/shapes/hands.shape

#ifndef STASM_YAW00_LEV1_P32_CLASSIC_MH
#define STASM_YAW00_LEV1_P32_CLASSIC_MH

namespace stasm {

// static const int EYEMOUTH_DIST = 100;
// static const double PYR_RATIO = 2;

static const double yaw00_lev1_p32_prof[9] = // mean profile
{
    -0.230998, -0.422127, -0.304297, -0.559522, -1.31677, -1.16155, -0.248963, -0.164509, -0.000540477
};
static const double yaw00_cov_lev1_p32[9*9] = // covariance matrix
{
    4.67288, -1.46139, 0.425257, 1.00026, 0.429961, 0.306746, 0.409293, 0.0538488, -0.00964614,
    -1.46139, 6.71522, -0.0270745, 0.910312, 0.974947, -0.0449153, 0.0380409, 0.235986, -0.527355,
    0.425257, -0.0270745, 1.40381, -0.0233316, 0.616707, 0.0171436, -0.030567, -0.0266397, -0.00112624,
    1.00026, 0.910312, -0.0233316, 2.39766, 0.0516935, 0.260516, 0.239459, -0.221259, -0.528385,
    0.429961, 0.974947, 0.616707, 0.0516935, 1.64446, 0.208625, 0.176569, 0.197941, 0.184235,
    0.306746, -0.0449153, 0.0171436, 0.260516, 0.208625, 0.589885, 0.0815789, 0.014107, 0.0921958,
    0.409293, 0.0380409, -0.030567, 0.239459, 0.176569, 0.0815789, 0.321623, 0.074921, 0.0432015,
    0.0538488, 0.235986, -0.0266397, -0.221259, 0.197941, 0.014107, 0.074921, 0.693988, 0.227695,
    -0.00964614, -0.527355, -0.00112624, -0.528385, 0.184235, 0.0921958, 0.0432015, 0.227695, 1.18295
};

static const ClassicDescMod yaw00_lev1_p32_classic(9, yaw00_lev1_p32_prof, yaw00_cov_lev1_p32);

} // namespace stasm
#endif // STASM_YAW00_LEV1_P32_CLASSIC_MH
