// yaw00_lev3_p32_classic.mh: machine generated classical descriptor matcher
//
// Command: tasm -d ../stasm/MOD_1/ ../tasm/shapes/hands.shape

#ifndef STASM_YAW00_LEV3_P32_CLASSIC_MH
#define STASM_YAW00_LEV3_P32_CLASSIC_MH

namespace stasm {

// static const int EYEMOUTH_DIST = 100;
// static const double PYR_RATIO = 2;

static const double yaw00_lev3_p32_prof[9] = // mean profile
{
    -0.118175, 0.160016, -0.0990075, -0.238078, -0.379559, -1.51342, -0.11266, -0.220658, -0.17734
};
static const double yaw00_cov_lev3_p32[9*9] = // covariance matrix
{
    3.31947, 1.17276, 1.06291, 0.788445, 0.592886, 0.0111236, 0.183515, 0.34247, 0.0763285,
    1.17276, 3.30431, 1.7795, 0.937641, 0.516966, 0.0595405, 0.294181, 0.210798, 0.201475,
    1.06291, 1.7795, 4.11193, 1.77555, 0.584993, 0.218816, 0.0935699, 0.198342, 0.0768685,
    0.788445, 0.937641, 1.77555, 2.25685, 0.632581, 0.225572, 0.13356, 0.126997, 0.0123945,
    0.592886, 0.516966, 0.584993, 0.632581, 0.910489, 0.121881, 0.255097, 0.235038, 0.0470122,
    0.0111236, 0.0595405, 0.218816, 0.225572, 0.121881, 0.613938, 0.279766, 0.0936232, 0.114443,
    0.183515, 0.294181, 0.0935699, 0.13356, 0.255097, 0.279766, 0.54675, 0.128221, 0.118724,
    0.34247, 0.210798, 0.198342, 0.126997, 0.235038, 0.0936232, 0.128221, 0.429304, 0.0901573,
    0.0763285, 0.201475, 0.0768685, 0.0123945, 0.0470122, 0.114443, 0.118724, 0.0901573, 0.299545
};

static const ClassicDescMod yaw00_lev3_p32_classic(9, yaw00_lev3_p32_prof, yaw00_cov_lev3_p32);

} // namespace stasm
#endif // STASM_YAW00_LEV3_P32_CLASSIC_MH
