// yaw00_lev0_p22_classic.mh: machine generated classical descriptor matcher
//
// Command: tasm -d ../stasm/MOD_1/ ../tasm/shapes/hands.shape

#ifndef STASM_YAW00_LEV0_P22_CLASSIC_MH
#define STASM_YAW00_LEV0_P22_CLASSIC_MH

namespace stasm {

// static const int EYEMOUTH_DIST = 100;
// static const double PYR_RATIO = 2;

static const double yaw00_lev0_p22_prof[9] = // mean profile
{
    -0.645378, -0.452434, -0.432204, -0.574912, -0.754085, -0.229233, -0.00301128, 0.105166, -0.245234
};
static const double yaw00_cov_lev0_p22[9*9] = // covariance matrix
{
    3.53844, -0.168176, 0.959952, 0.432284, 0.758353, 0.518996, 0.411465, 0.317617, 0.189911,
    -0.168176, 2.68441, -0.456472, 0.303037, 0.979887, 0.143648, 0.386758, 0.307784, 0.0785618,
    0.959952, -0.456472, 3.04956, -1.04631, 0.318628, 0.294131, 0.0615791, 0.127319, -0.23173,
    0.432284, 0.303037, -1.04631, 2.01545, 0.252613, 0.00437337, 0.233961, -0.0361681, 0.261852,
    0.758353, 0.979887, 0.318628, 0.252613, 2.07276, 0.361819, 0.423748, 0.0902772, 0.0920581,
    0.518996, 0.143648, 0.294131, 0.00437337, 0.361819, 0.49621, 0.153768, 0.103827, -0.135246,
    0.411465, 0.386758, 0.0615791, 0.233961, 0.423748, 0.153768, 0.344176, 0.0996816, 0.0152328,
    0.317617, 0.307784, 0.127319, -0.0361681, 0.0902772, 0.103827, 0.0996816, 0.485364, -0.0292106,
    0.189911, 0.0785618, -0.23173, 0.261852, 0.0920581, -0.135246, 0.0152328, -0.0292106, 0.82277
};

static const ClassicDescMod yaw00_lev0_p22_classic(9, yaw00_lev0_p22_prof, yaw00_cov_lev0_p22);

} // namespace stasm
#endif // STASM_YAW00_LEV0_P22_CLASSIC_MH
